3700
1900
1900
2400
2600
2400
2900
3500
2200
1500
1500
800
2200
1000
2300
900
1700
1000
2200
1000
5000
1000
1100
1800
3000
5500
1000
1900
2400
1700
4200
2200
1900
1800
1700
1500
2000
1800
1700
1500
3400
3800
2800
2400
2100
5100
3600
4900
1900
1900
1800
2100
5500
6100
2500
1900
3000
1700
4200
3800
2100
2100
3300
2500
1100
2200
2600
1700
2600
4200
1000
1700
3300
1900
1000
1900
4200
2100
1500
800
2400
2400
1300
900
800
2400
2700
2400
3100
4700
1000
1000
2700
1200
2400
1000
2000
1700
2100
4000
1500
1000
1000
1700
2500
1500
1000
1900
2500
1000
1400
2400
3300
4800
900
4000
1000
2000
5200
200
1320
130
1125
55
45
1330
225
145
180
130
135
125
45
310
110
150
60
120
165
110
85
85
150
285
50
275
120
130
105
50
85
60
90
90
50
85
75
140
65
85
145
50
75
120
120
125
160
150
195
115
250
75
95
100
105
100
120
90
85
130
165
30
